1.949000000000000000e+03 1.120000000000000000e+02
1.949083333333330074e+03 1.180000000000000000e+02
1.949166666666669926e+03 1.320000000000000000e+02
1.949250000000000000e+03 1.290000000000000000e+02
1.949333333333330074e+03 1.210000000000000000e+02
1.949416666666669926e+03 1.350000000000000000e+02
1.949500000000000000e+03 1.480000000000000000e+02
1.949583333333330074e+03 1.480000000000000000e+02
1.949666666666669926e+03 1.360000000000000000e+02
1.949750000000000000e+03 1.190000000000000000e+02
1.949833333333330074e+03 1.040000000000000000e+02
1.949916666666669926e+03 1.180000000000000000e+02
1.950000000000000000e+03 1.150000000000000000e+02
1.950083333333330074e+03 1.260000000000000000e+02
1.950166666666669926e+03 1.410000000000000000e+02
1.950250000000000000e+03 1.350000000000000000e+02
1.950333333333330074e+03 1.250000000000000000e+02
1.950416666666669926e+03 1.490000000000000000e+02
1.950500000000000000e+03 1.700000000000000000e+02
1.950583333333330074e+03 1.700000000000000000e+02
1.950666666666669926e+03 1.580000000000000000e+02
1.950750000000000000e+03 1.330000000000000000e+02
1.950833333333330074e+03 1.140000000000000000e+02
1.950916666666669926e+03 1.400000000000000000e+02
1.951000000000000000e+03 1.450000000000000000e+02
1.951083333333330074e+03 1.500000000000000000e+02
1.951166666666669926e+03 1.780000000000000000e+02
1.951250000000000000e+03 1.630000000000000000e+02
1.951333333333330074e+03 1.720000000000000000e+02
1.951416666666669926e+03 1.780000000000000000e+02
1.951500000000000000e+03 1.990000000000000000e+02
1.951583333333330074e+03 1.990000000000000000e+02
1.951666666666669926e+03 1.840000000000000000e+02
1.951750000000000000e+03 1.620000000000000000e+02
1.951833333333330074e+03 1.460000000000000000e+02
1.951916666666669926e+03 1.660000000000000000e+02
1.952000000000000000e+03 1.710000000000000000e+02
1.952083333333330074e+03 1.800000000000000000e+02
1.952166666666669926e+03 1.930000000000000000e+02
1.952250000000000000e+03 1.810000000000000000e+02
1.952333333333330074e+03 1.830000000000000000e+02
1.952416666666669926e+03 2.180000000000000000e+02
1.952500000000000000e+03 2.300000000000000000e+02
1.952583333333330074e+03 2.420000000000000000e+02
1.952666666666669926e+03 2.090000000000000000e+02
1.952750000000000000e+03 1.910000000000000000e+02
1.952833333333330074e+03 1.720000000000000000e+02
1.952916666666669926e+03 1.940000000000000000e+02
1.953000000000000000e+03 1.960000000000000000e+02
1.953083333333330074e+03 1.960000000000000000e+02
1.953166666666669926e+03 2.360000000000000000e+02
1.953250000000000000e+03 2.350000000000000000e+02
1.953333333333330074e+03 2.290000000000000000e+02
1.953416666666669926e+03 2.430000000000000000e+02
1.953500000000000000e+03 2.640000000000000000e+02
1.953583333333330074e+03 2.720000000000000000e+02
1.953666666666669926e+03 2.370000000000000000e+02
1.953750000000000000e+03 2.110000000000000000e+02
1.953833333333330074e+03 1.800000000000000000e+02
1.953916666666669926e+03 2.010000000000000000e+02
1.954000000000000000e+03 2.040000000000000000e+02
1.954083333333330074e+03 1.880000000000000000e+02
1.954166666666669926e+03 2.350000000000000000e+02
1.954250000000000000e+03 2.270000000000000000e+02
1.954333333333330074e+03 2.340000000000000000e+02
1.954416666666669926e+03 2.640000000000000000e+02
1.954500000000000000e+03 3.020000000000000000e+02
1.954583333333330074e+03 2.930000000000000000e+02
1.954666666666669926e+03 2.590000000000000000e+02
1.954750000000000000e+03 2.290000000000000000e+02
1.954833333333330074e+03 2.030000000000000000e+02
1.954916666666669926e+03 2.290000000000000000e+02
1.955000000000000000e+03 2.420000000000000000e+02
1.955083333333339851e+03 2.330000000000000000e+02
1.955166666666669926e+03 2.670000000000000000e+02
1.955250000000000000e+03 2.690000000000000000e+02
1.955333333333339851e+03 2.700000000000000000e+02
1.955416666666669926e+03 3.150000000000000000e+02
1.955500000000000000e+03 3.640000000000000000e+02
1.955583333333339851e+03 3.470000000000000000e+02
1.955666666666669926e+03 3.120000000000000000e+02
1.955750000000000000e+03 2.740000000000000000e+02
1.955833333333339851e+03 2.370000000000000000e+02
1.955916666666669926e+03 2.780000000000000000e+02
1.956000000000000000e+03 2.840000000000000000e+02
1.956083333333339851e+03 2.770000000000000000e+02
1.956166666666669926e+03 3.170000000000000000e+02
1.956250000000000000e+03 3.130000000000000000e+02
1.956333333333339851e+03 3.180000000000000000e+02
1.956416666666669926e+03 3.740000000000000000e+02
1.956500000000000000e+03 4.130000000000000000e+02
1.956583333333339851e+03 4.050000000000000000e+02
1.956666666666669926e+03 3.550000000000000000e+02
1.956750000000000000e+03 3.060000000000000000e+02
1.956833333333339851e+03 2.710000000000000000e+02
1.956916666666669926e+03 3.060000000000000000e+02
1.957000000000000000e+03 3.150000000000000000e+02
1.957083333333339851e+03 3.010000000000000000e+02
1.957166666666669926e+03 3.560000000000000000e+02
1.957250000000000000e+03 3.480000000000000000e+02
1.957333333333339851e+03 3.550000000000000000e+02
1.957416666666669926e+03 4.220000000000000000e+02
1.957500000000000000e+03 4.650000000000000000e+02
1.957583333333339851e+03 4.670000000000000000e+02
1.957666666666669926e+03 4.040000000000000000e+02
1.957750000000000000e+03 3.470000000000000000e+02
1.957833333333339851e+03 3.050000000000000000e+02
1.957916666666669926e+03 3.360000000000000000e+02
1.958000000000000000e+03 3.400000000000000000e+02
1.958083333333339851e+03 3.180000000000000000e+02
1.958166666666669926e+03 3.620000000000000000e+02
1.958250000000000000e+03 3.480000000000000000e+02
1.958333333333339851e+03 3.630000000000000000e+02
1.958416666666669926e+03 4.350000000000000000e+02
1.958500000000000000e+03 4.910000000000000000e+02
1.958583333333339851e+03 5.050000000000000000e+02
1.958666666666669926e+03 4.040000000000000000e+02
1.958750000000000000e+03 3.590000000000000000e+02
1.958833333333339851e+03 3.100000000000000000e+02
1.958916666666669926e+03 3.370000000000000000e+02
1.959000000000000000e+03 3.600000000000000000e+02
1.959083333333339851e+03 3.420000000000000000e+02
1.959166666666669926e+03 4.060000000000000000e+02
1.959250000000000000e+03 3.960000000000000000e+02
1.959333333333339851e+03 4.200000000000000000e+02
1.959416666666669926e+03 4.720000000000000000e+02
1.959500000000000000e+03 5.480000000000000000e+02
1.959583333333339851e+03 5.590000000000000000e+02
1.959666666666669926e+03 4.630000000000000000e+02
1.959750000000000000e+03 4.070000000000000000e+02
1.959833333333339851e+03 3.620000000000000000e+02
1.959916666666669926e+03 4.050000000000000000e+02
1.960000000000000000e+03 4.170000000000000000e+02
1.960083333333339851e+03 3.910000000000000000e+02
1.960166666666669926e+03 4.190000000000000000e+02
1.960250000000000000e+03 4.610000000000000000e+02
1.960333333333339851e+03 4.720000000000000000e+02
1.960416666666669926e+03 5.350000000000000000e+02
1.960500000000000000e+03 6.220000000000000000e+02
1.960583333333339851e+03 6.060000000000000000e+02
1.960666666666669926e+03 5.080000000000000000e+02
1.960750000000000000e+03 4.610000000000000000e+02
1.960833333333339851e+03 3.900000000000000000e+02
1.960916666666669926e+03 4.320000000000000000e+02
