0.000000000000000000e+00 7.000000000000000000e+00 2.300000000000000000e+01 1.200000000000000000e+01 3.589999999999999858e-01
1.000000000000000000e+00 7.400000000000000355e+00 1.200000000000000000e+01 1.480000000000000000e+02 1.399999999999999856e-02
1.000000000000000000e+00 7.400000000000000355e+00 1.400000000000000000e+01 4.200000000000000000e+01 1.960000000000000075e-01
1.000000000000000000e+00 7.400000000000000355e+00 6.700000000000000000e+01 8.500000000000000000e+01 1.350000000000000089e-01
1.000000000000000000e+00 7.400000000000000355e+00 3.800000000000000000e+01 1.070000000000000000e+02 6.199999999999999956e-02
1.000000000000000000e+00 7.400000000000000355e+00 7.300000000000000000e+01 1.090000000000000000e+02 5.400000000000000633e-02
1.000000000000000000e+00 7.400000000000000355e+00 2.100000000000000000e+01 1.560000000000000000e+02 1.399999999999999856e-02
1.000000000000000000e+00 7.400000000000000355e+00 0.000000000000000000e+00 2.240000000000000000e+02 1.800000000000000211e-02
1.000000000000000000e+00 7.400000000000000355e+00 7.000000000000000000e+00 2.930000000000000000e+02 1.000000000000000021e-02
1.000000000000000000e+00 7.400000000000000355e+00 5.400000000000000000e+01 3.590000000000000000e+02 4.000000000000000083e-03
1.000000000000000000e+00 7.400000000000000355e+00 2.300000000000000000e+01 3.700000000000000000e+02 4.000000000000000083e-03
2.000000000000000000e+00 5.299999999999999822e+00 1.900000000000000000e+01 8.000000000000000000e+00 1.270000000000000018e-01
3.000000000000000000e+00 6.099999999999999645e+00 5.000000000000000000e+01 1.610000000000000142e+01 4.110000000000000320e-01
3.000000000000000000e+00 6.099999999999999645e+00 1.200000000000000000e+01 6.360000000000000142e+01 1.800000000000000211e-02
3.000000000000000000e+00 6.099999999999999645e+00 2.000000000000000000e+00 6.599999999999999645e+00 5.090000000000000080e-01
3.000000000000000000e+00 6.099999999999999645e+00 3.000000000000000000e+00 9.300000000000000711e+00 4.670000000000000262e-01
3.000000000000000000e+00 6.099999999999999645e+00 4.000000000000000000e+00 1.300000000000000000e+01 2.789999999999999702e-01
3.000000000000000000e+00 6.099999999999999645e+00 5.000000000000000000e+00 1.730000000000000071e+01 7.200000000000000844e-02
3.000000000000000000e+00 6.099999999999999645e+00 1.400000000000000000e+01 1.050000000000000000e+02 1.200000000000000025e-02
3.000000000000000000e+00 6.099999999999999645e+00 1.000000000000000000e+00 1.120000000000000000e+02 6.000000000000000125e-03
3.000000000000000000e+00 6.099999999999999645e+00 7.000000000000000000e+00 1.230000000000000000e+02 3.000000000000000062e-03
4.000000000000000000e+00 6.599999999999999645e+00 5.900000000000000000e+01 1.050000000000000000e+02 1.800000000000000211e-02
4.000000000000000000e+00 6.599999999999999645e+00 6.600000000000000000e+01 1.220000000000000000e+02 4.800000000000000100e-02
4.000000000000000000e+00 6.599999999999999645e+00 2.200000000000000000e+01 1.410000000000000000e+02 1.100000000000000110e-02
4.000000000000000000e+00 6.599999999999999645e+00 5.700000000000000000e+01 2.000000000000000000e+02 6.999999999999999278e-03
4.000000000000000000e+00 6.599999999999999645e+00 2.300000000000000000e+01 4.500000000000000000e+01 1.419999999999999873e-01
4.000000000000000000e+00 6.599999999999999645e+00 2.100000000000000000e+01 1.300000000000000000e+02 3.099999999999999978e-02
4.000000000000000000e+00 6.599999999999999645e+00 2.000000000000000000e+01 1.470000000000000000e+02 6.000000000000000125e-03
4.000000000000000000e+00 6.599999999999999645e+00 3.600000000000000000e+01 1.870000000000000000e+02 1.000000000000000021e-02
4.000000000000000000e+00 6.599999999999999645e+00 7.300000000000000000e+01 1.970000000000000000e+02 1.000000000000000021e-02
4.000000000000000000e+00 6.599999999999999645e+00 5.800000000000000000e+01 2.030000000000000000e+02 6.000000000000000125e-03
4.000000000000000000e+00 6.599999999999999645e+00 3.800000000000000000e+01 2.110000000000000000e+02 1.300000000000000114e-02
5.000000000000000000e+00 5.599999999999999645e+00 1.300000000000000000e+01 6.200000000000000000e+01 5.000000000000000104e-03
6.000000000000000000e+00 5.700000000000000178e+00 1.300000000000000000e+01 6.200000000000000000e+01 3.000000000000000062e-03
7.000000000000000000e+00 5.299999999999999822e+00 1.800000000000000000e+01 1.900000000000000000e+01 8.599999999999999312e-02
7.000000000000000000e+00 5.299999999999999822e+00 2.200000000000000000e+01 2.100000000000000000e+01 1.789999999999999925e-01
7.000000000000000000e+00 5.299999999999999822e+00 6.900000000000000000e+01 1.300000000000000000e+01 2.049999999999999878e-01
7.000000000000000000e+00 5.299999999999999822e+00 2.000000000000000000e+01 2.200000000000000000e+01 7.299999999999999545e-02
7.000000000000000000e+00 5.299999999999999822e+00 2.100000000000000000e+01 2.900000000000000000e+01 4.499999999999999833e-02
8.000000000000000000e+00 6.599999999999999645e+00 3.000000000000000000e+01 1.700000000000000000e+01 3.739999999999999991e-01
8.000000000000000000e+00 6.599999999999999645e+00 2.800000000000000000e+01 1.960000000000000142e+01 2.000000000000000111e-01
8.000000000000000000e+00 6.599999999999999645e+00 2.900000000000000000e+01 2.019999999999999929e+01 1.469999999999999918e-01
8.000000000000000000e+00 6.599999999999999645e+00 4.400000000000000000e+01 2.110000000000000142e+01 1.880000000000000004e-01
8.000000000000000000e+00 6.599999999999999645e+00 5.700000000000000000e+01 2.189999999999999858e+01 2.039999999999999869e-01
8.000000000000000000e+00 6.599999999999999645e+00 1.600000000000000000e+01 2.419999999999999929e+01 3.350000000000000200e-01
8.000000000000000000e+00 6.599999999999999645e+00 6.000000000000000000e+00 6.600000000000000000e+01 5.700000000000000205e-02
8.000000000000000000e+00 6.599999999999999645e+00 1.800000000000000000e+01 8.700000000000000000e+01 2.100000000000000130e-02
8.000000000000000000e+00 6.599999999999999645e+00 2.500000000000000000e+01 2.339999999999999858e+01 1.519999999999999962e-01
8.000000000000000000e+00 6.599999999999999645e+00 3.800000000000000000e+01 2.460000000000000142e+01 2.169999999999999984e-01
8.000000000000000000e+00 6.599999999999999645e+00 7.300000000000000000e+01 2.569999999999999929e+01 1.140000000000000041e-01
8.000000000000000000e+00 6.599999999999999645e+00 5.600000000000000000e+01 2.860000000000000142e+01 1.499999999999999944e-01
8.000000000000000000e+00 6.599999999999999645e+00 5.800000000000000000e+01 3.739999999999999858e+01 1.480000000000000204e-01
8.000000000000000000e+00 6.599999999999999645e+00 1.100000000000000000e+01 4.670000000000000284e+01 1.119999999999999885e-01
8.000000000000000000e+00 6.599999999999999645e+00 7.100000000000000000e+01 5.689999999999999858e+01 4.299999999999999656e-02
8.000000000000000000e+00 6.599999999999999645e+00 6.900000000000000000e+01 6.070000000000000284e+01 5.700000000000000205e-02
8.000000000000000000e+00 6.599999999999999645e+00 3.600000000000000000e+01 6.139999999999999858e+01 2.999999999999999889e-02
8.000000000000000000e+00 6.599999999999999645e+00 6.300000000000000000e+01 6.200000000000000000e+01 2.700000000000000316e-02
8.000000000000000000e+00 6.599999999999999645e+00 1.500000000000000000e+01 6.400000000000000000e+01 2.799999999999999711e-02
8.000000000000000000e+00 6.599999999999999645e+00 1.700000000000000000e+01 8.200000000000000000e+01 3.400000000000000244e-02
8.000000000000000000e+00 6.599999999999999645e+00 2.000000000000000000e+01 8.800000000000000000e+01 2.999999999999999889e-02
8.000000000000000000e+00 6.599999999999999645e+00 2.100000000000000000e+01 9.100000000000000000e+01 3.899999999999999994e-02
9.000000000000000000e+00 5.299999999999999822e+00 7.000000000000000000e+00 3.100000000000000000e+01 2.999999999999999889e-02
1.000000000000000000e+01 7.700000000000000178e+00 6.100000000000000000e+01 4.500000000000000000e+01 1.100000000000000006e-01
1.000000000000000000e+01 7.700000000000000178e+00 6.000000000000000000e+01 1.450000000000000000e+02 1.000000000000000021e-02
1.000000000000000000e+01 7.700000000000000178e+00 6.200000000000000000e+01 3.000000000000000000e+02 1.000000000000000021e-02
1.100000000000000000e+01 6.200000000000000178e+00 7.000000000000000000e+01 5.000000000000000000e+00 3.900000000000000133e-01
1.200000000000000000e+01 5.599999999999999645e+00 1.040000000000000000e+02 5.000000000000000000e+01 3.099999999999999978e-02
1.200000000000000000e+01 5.599999999999999645e+00 6.300000000000000000e+01 1.600000000000000000e+01 1.300000000000000044e-01
1.300000000000000000e+01 5.200000000000000178e+00 9.000000000000000000e+00 1.700000000000000000e+01 1.100000000000000110e-02
1.300000000000000000e+01 5.200000000000000178e+00 4.000000000000000000e+01 8.000000000000000000e+00 1.199999999999999956e-01
1.300000000000000000e+01 5.200000000000000178e+00 7.000000000000000000e+00 1.000000000000000000e+01 1.700000000000000122e-01
1.300000000000000000e+01 5.200000000000000178e+00 2.600000000000000000e+01 1.000000000000000000e+01 1.400000000000000133e-01
1.400000000000000000e+01 6.000000000000000000e+00 1.000000000000000000e+01 8.000000000000000000e+00 1.100000000000000006e-01
1.400000000000000000e+01 6.000000000000000000e+00 3.300000000000000000e+01 3.200000000000000000e+01 4.000000000000000083e-02
1.400000000000000000e+01 6.000000000000000000e+00 3.100000000000000000e+01 3.000000000000000000e+01 7.000000000000000666e-02
1.400000000000000000e+01 6.000000000000000000e+00 3.200000000000000000e+01 3.100000000000000000e+01 8.000000000000000167e-02
1.500000000000000000e+01 5.099999999999999645e+00 6.700000000000000000e+01 2.899999999999999911e+00 2.099999999999999922e-01
1.500000000000000000e+01 5.099999999999999645e+00 1.060000000000000000e+02 3.200000000000000178e+00 3.900000000000000133e-01
1.500000000000000000e+01 5.099999999999999645e+00 -1.000000000000000000e+00 7.599999999999999645e+00 2.800000000000000266e-01
1.600000000000000000e+01 7.599999999999999645e+00 6.500000000000000000e+01 2.539999999999999858e+01 1.600000000000000033e-01
1.600000000000000000e+01 7.599999999999999645e+00 -1.000000000000000000e+00 3.289999999999999858e+01 6.400000000000000133e-02
1.600000000000000000e+01 7.599999999999999645e+00 6.400000000000000000e+01 9.220000000000000284e+01 8.999999999999999667e-02
1.700000000000000000e+01 5.799999999999999822e+00 4.700000000000000000e+01 1.199999999999999956e+00 4.199999999999999845e-01
1.700000000000000000e+01 5.799999999999999822e+00 5.100000000000000000e+01 1.600000000000000089e+00 2.300000000000000100e-01
1.700000000000000000e+01 5.799999999999999822e+00 4.200000000000000000e+01 9.099999999999999645e+00 1.300000000000000044e-01
1.700000000000000000e+01 5.799999999999999822e+00 4.600000000000000000e+01 3.700000000000000178e+00 2.600000000000000089e-01
1.700000000000000000e+01 5.799999999999999822e+00 4.500000000000000000e+01 5.299999999999999822e+00 2.700000000000000178e-01
1.700000000000000000e+01 5.799999999999999822e+00 4.300000000000000000e+01 7.400000000000000355e+00 2.600000000000000089e-01
1.700000000000000000e+01 5.799999999999999822e+00 4.000000000000000000e+01 1.789999999999999858e+01 1.100000000000000006e-01
1.700000000000000000e+01 5.799999999999999822e+00 5.300000000000000000e+01 1.919999999999999929e+01 1.199999999999999956e-01
1.700000000000000000e+01 5.799999999999999822e+00 2.700000000000000000e+01 2.339999999999999858e+01 3.799999999999999906e-02
1.700000000000000000e+01 5.799999999999999822e+00 4.900000000000000000e+01 3.000000000000000000e+01 4.400000000000000439e-02
1.700000000000000000e+01 5.799999999999999822e+00 3.900000000000000000e+01 3.889999999999999858e+01 4.599999999999999922e-02
1.800000000000000000e+01 6.500000000000000000e+00 -1.000000000000000000e+00 2.350000000000000000e+01 1.700000000000000122e-01
1.800000000000000000e+01 6.500000000000000000e+00 6.800000000000000000e+01 2.600000000000000000e+01 2.099999999999999922e-01
1.800000000000000000e+01 6.500000000000000000e+00 -1.000000000000000000e+00 5.000000000000000000e-01 3.200000000000000067e-01
1.800000000000000000e+01 6.500000000000000000e+00 7.400000000000000000e+01 5.999999999999999778e-01 5.200000000000000178e-01
1.800000000000000000e+01 6.500000000000000000e+00 1.080000000000000000e+02 1.300000000000000044e+00 7.199999999999999734e-01
1.800000000000000000e+01 6.500000000000000000e+00 -1.000000000000000000e+00 1.399999999999999911e+00 3.200000000000000067e-01
1.800000000000000000e+01 6.500000000000000000e+00 8.500000000000000000e+01 2.600000000000000089e+00 8.100000000000000533e-01
1.800000000000000000e+01 6.500000000000000000e+00 1.110000000000000000e+02 3.799999999999999822e+00 6.400000000000000133e-01
1.800000000000000000e+01 6.500000000000000000e+00 1.090000000000000000e+02 4.000000000000000000e+00 5.600000000000000533e-01
1.800000000000000000e+01 6.500000000000000000e+00 1.030000000000000000e+02 5.099999999999999645e+00 5.100000000000000089e-01
1.800000000000000000e+01 6.500000000000000000e+00 2.300000000000000000e+01 6.200000000000000178e+00 4.000000000000000222e-01
1.800000000000000000e+01 6.500000000000000000e+00 1.100000000000000000e+02 6.799999999999999822e+00 6.099999999999999867e-01
1.800000000000000000e+01 6.500000000000000000e+00 8.600000000000000000e+01 7.500000000000000000e+00 2.600000000000000089e-01
1.800000000000000000e+01 6.500000000000000000e+00 -1.000000000000000000e+00 7.599999999999999645e+00 2.399999999999999911e-01
1.800000000000000000e+01 6.500000000000000000e+00 -1.000000000000000000e+00 8.400000000000000355e+00 4.600000000000000200e-01
1.800000000000000000e+01 6.500000000000000000e+00 9.100000000000000000e+01 8.500000000000000000e+00 2.200000000000000011e-01
1.800000000000000000e+01 6.500000000000000000e+00 7.200000000000000000e+01 8.500000000000000000e+00 2.300000000000000100e-01
1.800000000000000000e+01 6.500000000000000000e+00 8.400000000000000000e+01 1.059999999999999964e+01 2.800000000000000266e-01
1.800000000000000000e+01 6.500000000000000000e+00 8.900000000000000000e+01 1.259999999999999964e+01 3.800000000000000044e-01
1.800000000000000000e+01 6.500000000000000000e+00 8.800000000000000000e+01 1.269999999999999929e+01 2.700000000000000178e-01
1.800000000000000000e+01 6.500000000000000000e+00 -1.000000000000000000e+00 1.290000000000000036e+01 3.099999999999999978e-01
1.800000000000000000e+01 6.500000000000000000e+00 8.200000000000000000e+01 1.400000000000000000e+01 2.000000000000000111e-01
1.800000000000000000e+01 6.500000000000000000e+00 -1.000000000000000000e+00 1.500000000000000000e+01 1.100000000000000006e-01
1.800000000000000000e+01 6.500000000000000000e+00 1.010000000000000000e+02 1.600000000000000000e+01 4.299999999999999933e-01
1.800000000000000000e+01 6.500000000000000000e+00 -1.000000000000000000e+00 1.769999999999999929e+01 2.700000000000000178e-01
1.800000000000000000e+01 6.500000000000000000e+00 1.070000000000000000e+02 1.800000000000000000e+01 1.499999999999999944e-01
1.800000000000000000e+01 6.500000000000000000e+00 8.700000000000000000e+01 2.200000000000000000e+01 1.499999999999999944e-01
1.800000000000000000e+01 6.500000000000000000e+00 9.000000000000000000e+01 2.200000000000000000e+01 1.499999999999999944e-01
1.800000000000000000e+01 6.500000000000000000e+00 9.200000000000000000e+01 2.300000000000000000e+01 1.300000000000000044e-01
1.800000000000000000e+01 6.500000000000000000e+00 -1.000000000000000000e+00 2.319999999999999929e+01 1.900000000000000022e-01
1.800000000000000000e+01 6.500000000000000000e+00 9.300000000000000000e+01 2.900000000000000000e+01 1.300000000000000044e-01
1.800000000000000000e+01 6.500000000000000000e+00 8.300000000000000000e+01 3.200000000000000000e+01 6.600000000000000311e-02
1.800000000000000000e+01 6.500000000000000000e+00 -1.000000000000000000e+00 3.270000000000000284e+01 3.499999999999999778e-01
1.800000000000000000e+01 6.500000000000000000e+00 1.050000000000000000e+02 3.600000000000000000e+01 1.000000000000000056e-01
1.800000000000000000e+01 6.500000000000000000e+00 -1.000000000000000000e+00 4.350000000000000000e+01 1.600000000000000033e-01
1.800000000000000000e+01 6.500000000000000000e+00 9.400000000000000000e+01 4.900000000000000000e+01 1.400000000000000133e-01
1.800000000000000000e+01 6.500000000000000000e+00 8.100000000000000000e+01 6.000000000000000000e+01 4.900000000000000189e-02
1.800000000000000000e+01 6.500000000000000000e+00 5.500000000000000000e+01 6.400000000000000000e+01 3.400000000000000244e-02
1.900000000000000000e+01 5.000000000000000000e+00 8.600000000000000000e+01 7.500000000000000000e+00 2.640000000000000124e-01
1.900000000000000000e+01 5.000000000000000000e+00 1.080000000000000000e+02 8.800000000000000711e+00 2.630000000000000115e-01
1.900000000000000000e+01 5.000000000000000000e+00 7.400000000000000000e+01 8.900000000000000355e+00 2.300000000000000100e-01
1.900000000000000000e+01 5.000000000000000000e+00 1.030000000000000000e+02 9.400000000000000355e+00 1.469999999999999918e-01
1.900000000000000000e+01 5.000000000000000000e+00 1.090000000000000000e+02 9.699999999999999289e+00 2.860000000000000320e-01
1.900000000000000000e+01 5.000000000000000000e+00 1.110000000000000000e+02 9.699999999999999289e+00 1.570000000000000007e-01
1.900000000000000000e+01 5.000000000000000000e+00 1.100000000000000000e+02 1.050000000000000000e+01 2.369999999999999885e-01
1.900000000000000000e+01 5.000000000000000000e+00 2.300000000000000000e+01 1.050000000000000000e+01 1.330000000000000071e-01
1.900000000000000000e+01 5.000000000000000000e+00 7.200000000000000000e+01 1.200000000000000000e+01 5.500000000000000028e-02
1.900000000000000000e+01 5.000000000000000000e+00 8.400000000000000000e+01 1.219999999999999929e+01 9.699999999999998901e-02
1.900000000000000000e+01 5.000000000000000000e+00 8.500000000000000000e+01 1.280000000000000071e+01 1.290000000000000036e-01
1.900000000000000000e+01 5.000000000000000000e+00 8.900000000000000000e+01 1.459999999999999964e+01 1.920000000000000040e-01
1.900000000000000000e+01 5.000000000000000000e+00 8.800000000000000000e+01 1.490000000000000036e+01 1.469999999999999918e-01
1.900000000000000000e+01 5.000000000000000000e+00 1.010000000000000000e+02 1.760000000000000142e+01 1.539999999999999980e-01
1.900000000000000000e+01 5.000000000000000000e+00 8.700000000000000000e+01 2.389999999999999858e+01 5.999999999999999778e-02
1.900000000000000000e+01 5.000000000000000000e+00 9.100000000000000000e+01 2.500000000000000000e+01 5.700000000000000205e-02
2.000000000000000000e+01 5.799999999999999822e+00 8.000000000000000000e+00 1.080000000000000071e+01 1.199999999999999956e-01
2.000000000000000000e+01 5.799999999999999822e+00 4.800000000000000000e+01 1.569999999999999929e+01 1.539999999999999980e-01
2.000000000000000000e+01 5.799999999999999822e+00 4.100000000000000000e+01 1.669999999999999929e+01 5.200000000000000455e-02
2.000000000000000000e+01 5.799999999999999822e+00 3.700000000000000000e+01 2.080000000000000071e+01 4.499999999999999833e-02
2.000000000000000000e+01 5.799999999999999822e+00 3.400000000000000000e+01 2.850000000000000000e+01 8.599999999999999312e-02
2.000000000000000000e+01 5.799999999999999822e+00 3.500000000000000000e+01 3.310000000000000142e+01 5.599999999999999423e-02
2.000000000000000000e+01 5.799999999999999822e+00 2.400000000000000000e+01 4.029999999999999716e+01 6.500000000000000222e-02
2.100000000000000000e+01 5.500000000000000000e+00 -1.000000000000000000e+00 4.000000000000000000e+00 2.590000000000000080e-01
2.100000000000000000e+01 5.500000000000000000e+00 -1.000000000000000000e+00 1.009999999999999964e+01 2.670000000000000151e-01
2.100000000000000000e+01 5.500000000000000000e+00 8.000000000000000000e+00 1.109999999999999964e+01 7.099999999999999367e-02
2.100000000000000000e+01 5.500000000000000000e+00 4.800000000000000000e+01 1.769999999999999929e+01 2.750000000000000222e-01
2.100000000000000000e+01 5.500000000000000000e+00 4.100000000000000000e+01 2.250000000000000000e+01 5.799999999999999600e-02
2.100000000000000000e+01 5.500000000000000000e+00 -1.000000000000000000e+00 2.650000000000000000e+01 2.600000000000000228e-02
2.100000000000000000e+01 5.500000000000000000e+00 3.500000000000000000e+01 2.900000000000000000e+01 3.899999999999999994e-02
2.100000000000000000e+01 5.500000000000000000e+00 3.700000000000000000e+01 3.089999999999999858e+01 1.119999999999999885e-01
2.100000000000000000e+01 5.500000000000000000e+00 2.400000000000000000e+01 3.779999999999999716e+01 6.500000000000000222e-02
2.100000000000000000e+01 5.500000000000000000e+00 5.200000000000000000e+01 4.829999999999999716e+01 2.600000000000000228e-02
2.200000000000000000e+01 5.299999999999999822e+00 7.800000000000000000e+01 5.799999999999999822e+00 1.230000000000000121e-01
2.200000000000000000e+01 5.299999999999999822e+00 7.700000000000000000e+01 1.200000000000000000e+01 1.330000000000000071e-01
2.200000000000000000e+01 5.299999999999999822e+00 1.020000000000000000e+02 1.209999999999999964e+01 7.299999999999999545e-02
2.200000000000000000e+01 5.299999999999999822e+00 7.600000000000000000e+01 2.050000000000000000e+01 9.699999999999998901e-02
2.200000000000000000e+01 5.299999999999999822e+00 7.900000000000000000e+01 2.050000000000000000e+01 9.600000000000000200e-02
2.200000000000000000e+01 5.299999999999999822e+00 1.130000000000000000e+02 2.530000000000000071e+01 2.300000000000000100e-01
2.200000000000000000e+01 5.299999999999999822e+00 9.600000000000000000e+01 3.589999999999999858e+01 8.199999999999998956e-02
2.200000000000000000e+01 5.299999999999999822e+00 1.120000000000000000e+02 3.610000000000000142e+01 1.100000000000000006e-01
2.200000000000000000e+01 5.299999999999999822e+00 7.500000000000000000e+01 3.629999999999999716e+01 1.100000000000000006e-01
2.200000000000000000e+01 5.299999999999999822e+00 9.500000000000000000e+01 3.850000000000000000e+01 9.400000000000000022e-02
2.200000000000000000e+01 5.299999999999999822e+00 8.000000000000000000e+01 4.139999999999999858e+01 4.000000000000000083e-02
2.200000000000000000e+01 5.299999999999999822e+00 1.150000000000000000e+02 4.360000000000000142e+01 5.000000000000000278e-02
2.200000000000000000e+01 5.299999999999999822e+00 9.800000000000000000e+01 4.439999999999999858e+01 2.200000000000000219e-02
2.200000000000000000e+01 5.299999999999999822e+00 1.160000000000000000e+02 4.610000000000000142e+01 7.000000000000000666e-02
2.200000000000000000e+01 5.299999999999999822e+00 1.140000000000000000e+02 4.710000000000000142e+01 8.000000000000000167e-02
2.200000000000000000e+01 5.299999999999999822e+00 9.700000000000000000e+01 4.770000000000000284e+01 3.300000000000000155e-02
2.200000000000000000e+01 5.299999999999999822e+00 1.000000000000000000e+02 4.920000000000000284e+01 1.700000000000000122e-02
2.200000000000000000e+01 5.299999999999999822e+00 9.900000000000000000e+01 5.310000000000000142e+01 2.200000000000000219e-02
