4.730000000000000000e+04 3.406200000000000000e+04
2.392000000000000000e+03 5.610000000000000000e+03
1.885000000000000000e+04 3.863700000000000000e+04
3.072000000000000000e+03 5.413000000000000000e+03
9.731800000000000000e+04 1.151850000000000000e+05
3.865180000000000000e+05 1.772790000000000000e+05
2.155000000000000000e+03 2.873000000000000000e+03
2.964100000000000000e+04 3.541900000000000000e+04
2.550100000000000000e+04 2.974400000000000000e+04
1.463000000000000000e+04 4.174500000000000000e+04
2.990500000000000000e+04 6.042600000000000000e+04
7.047000000000000000e+03 1.096400000000000000e+04
3.287020000000000000e+05 2.894560000000000000e+05
3.322000000000000000e+03 4.256000000000000000e+03
1.825000000000000000e+03 2.698000000000000000e+03
1.076800000000000000e+05 1.520820000000000000e+05
4.095800000000000000e+04 7.302900000000000000e+04
1.389100000000000000e+04 1.260800000000000000e+04
2.042000000000000000e+03 2.448000000000000000e+03
9.565000000000000000e+03 4.750000000000000000e+03
1.910000000000000000e+03 3.300000000000000000e+03
1.420000000000000000e+03 1.840000000000000000e+03
2.389000000000000000e+03 3.546000000000000000e+03
1.718000000000000000e+03 2.153000000000000000e+03
2.341000000000000000e+03 3.764000000000000000e+03
3.239000000000000000e+03 4.743000000000000000e+03
3.264400000000000000e+04 3.064600000000000000e+04
1.415200000000000000e+04 2.019600000000000000e+04
1.665810000000000000e+05 1.769670000000000000e+05
2.154000000000000000e+03 4.985000000000000000e+03
1.976900000000000000e+04 2.862700000000000000e+04
6.868000000000000000e+03 9.138000000000000000e+03
3.038000000000000000e+03 2.481000000000000000e+03
7.880000000000000000e+02 1.669000000000000000e+03
3.655500000000000000e+04 4.996300000000000000e+04
7.356000000000000000e+04 1.061410000000000000e+05
6.142500000000000000e+04 3.905300000000000000e+04
5.403000000000000000e+03 6.860000000000000000e+03
1.011000000000000000e+03 1.316000000000000000e+03
3.011000000000000000e+03 3.038000000000000000e+03
4.916900000000000000e+04 5.794800000000000000e+04
4.464800000000000000e+04 5.513500000000000000e+04
2.661900000000000000e+04 3.386400000000000000e+04
1.648300000000000000e+04 1.605900000000000000e+04
6.952000000000000000e+03 1.640400000000000000e+04
1.692400000000000000e+04 5.204300000000000000e+04
4.588000000000000000e+03 5.058000000000000000e+03
1.401150000000000000e+05 1.344760000000000000e+05
2.817700000000000000e+04 2.621600000000000000e+04
2.689450000000000000e+05 1.528460000000000000e+05
6.955000000000000000e+04 6.858100000000000000e+04
1.996600000000000000e+05 1.843120000000000000e+05
7.497700000000000000e+04 9.010100000000000000e+04
1.209100000000000000e+04 1.343900000000000000e+04
1.948200000000000000e+04 3.949700000000000000e+04
4.155900000000000000e+04 3.470500000000000000e+04
1.279500000000000000e+04 3.624800000000000000e+04
7.285400000000000000e+04 8.310000000000000000e+04
5.888800000000000000e+04 7.529300000000000000e+04
9.634000000000000000e+03 1.212600000000000000e+04
4.084000000000000000e+03 8.014000000000000000e+03
2.647000000000000000e+03 4.051000000000000000e+03
1.399000000000000000e+03 2.326000000000000000e+03
9.706300000000000000e+04 8.221400000000000000e+04
3.835000000000000000e+03 4.511000000000000000e+03
5.637000000000000000e+03 1.217600000000000000e+04
2.796000000000000000e+03 4.983000000000000000e+03
