0.000000000000000000e+00 2.000000000000000096e-04
2.000000000000000000e+01 1.199999999999999895e-03
4.000000000000000000e+01 6.000000000000000125e-03
6.000000000000000000e+01 2.999999999999999889e-02
8.000000000000000000e+01 8.999999999999999667e-02
1.000000000000000000e+02 2.700000000000000178e-01
1.200000000000000000e+02 7.500000000000000000e-01
1.400000000000000000e+02 1.850000000000000089e+00
1.600000000000000000e+02 4.200000000000000178e+00
1.800000000000000000e+02 8.800000000000000711e+00
2.000000000000000000e+02 1.730000000000000071e+01
2.200000000000000000e+02 3.210000000000000142e+01
2.400000000000000000e+02 5.700000000000000000e+01
2.600000000000000000e+02 9.600000000000000000e+01
2.800000000000000000e+02 1.570000000000000000e+02
3.000000000000000000e+02 2.470000000000000000e+02
3.200000000000000000e+02 3.760000000000000000e+02
3.400000000000000000e+02 5.580000000000000000e+02
3.600000000000000000e+02 8.060000000000000000e+02
