2.000000000000000042e-02 7.600000000000000000e+01 0.000000000000000000e+00
2.000000000000000042e-02 4.700000000000000000e+01 0.000000000000000000e+00
5.999999999999999778e-02 9.700000000000000000e+01 0.000000000000000000e+00
5.999999999999999778e-02 1.070000000000000000e+02 0.000000000000000000e+00
1.100000000000000006e-01 1.230000000000000000e+02 0.000000000000000000e+00
1.100000000000000006e-01 1.390000000000000000e+02 0.000000000000000000e+00
2.200000000000000011e-01 1.590000000000000000e+02 0.000000000000000000e+00
2.200000000000000011e-01 1.520000000000000000e+02 0.000000000000000000e+00
5.600000000000000533e-01 1.910000000000000000e+02 0.000000000000000000e+00
5.600000000000000533e-01 2.010000000000000000e+02 0.000000000000000000e+00
1.100000000000000089e+00 2.070000000000000000e+02 0.000000000000000000e+00
1.100000000000000089e+00 2.000000000000000000e+02 0.000000000000000000e+00
2.000000000000000042e-02 6.700000000000000000e+01 1.000000000000000000e+00
2.000000000000000042e-02 5.100000000000000000e+01 1.000000000000000000e+00
5.999999999999999778e-02 8.400000000000000000e+01 1.000000000000000000e+00
5.999999999999999778e-02 8.600000000000000000e+01 1.000000000000000000e+00
1.100000000000000006e-01 9.800000000000000000e+01 1.000000000000000000e+00
1.100000000000000006e-01 1.150000000000000000e+02 1.000000000000000000e+00
2.200000000000000011e-01 1.310000000000000000e+02 1.000000000000000000e+00
2.200000000000000011e-01 1.240000000000000000e+02 1.000000000000000000e+00
5.600000000000000533e-01 1.440000000000000000e+02 1.000000000000000000e+00
5.600000000000000533e-01 1.580000000000000000e+02 1.000000000000000000e+00
1.100000000000000089e+00 1.600000000000000000e+02 1.000000000000000000e+00
