7.350000000000000000e+02
3.200000000000000000e+02
3.250000000000000000e+02
3.920000000000000000e+02
5.240000000000000000e+02
4.500000000000000000e+02
1.459000000000000000e+03
1.350000000000000000e+02
4.650000000000000000e+02
6.000000000000000000e+02
3.300000000000000000e+02
3.360000000000000000e+02
2.800000000000000000e+02
3.150000000000000000e+02
8.700000000000000000e+02
9.060000000000000000e+02
2.020000000000000000e+02
3.290000000000000000e+02
2.900000000000000000e+02
1.000000000000000000e+03
6.000000000000000000e+02
5.050000000000000000e+02
1.450000000000000000e+03
8.400000000000000000e+02
1.243000000000000000e+03
8.900000000000000000e+02
3.500000000000000000e+02
4.070000000000000000e+02
2.860000000000000000e+02
2.800000000000000000e+02
5.250000000000000000e+02
7.200000000000000000e+02
3.900000000000000000e+02
2.500000000000000000e+02
3.270000000000000000e+02
2.300000000000000000e+02
2.650000000000000000e+02
8.500000000000000000e+02
2.100000000000000000e+02
6.300000000000000000e+02
2.600000000000000000e+02
2.300000000000000000e+02
3.600000000000000000e+02
7.300000000000000000e+02
6.000000000000000000e+02
3.060000000000000000e+02
3.900000000000000000e+02
4.200000000000000000e+02
2.910000000000000000e+02
7.100000000000000000e+02
3.400000000000000000e+02
2.170000000000000000e+02
2.810000000000000000e+02
3.520000000000000000e+02
2.590000000000000000e+02
2.500000000000000000e+02
4.700000000000000000e+02
6.800000000000000000e+02
5.700000000000000000e+02
3.500000000000000000e+02
3.000000000000000000e+02
5.600000000000000000e+02
9.000000000000000000e+02
6.250000000000000000e+02
3.320000000000000000e+02
2.348000000000000000e+03
1.171000000000000000e+03
3.710000000000000000e+03
2.315000000000000000e+03
2.533000000000000000e+03
7.800000000000000000e+02
2.800000000000000000e+02
4.100000000000000000e+02
4.600000000000000000e+02
2.600000000000000000e+02
2.550000000000000000e+02
4.310000000000000000e+02
3.500000000000000000e+02
7.600000000000000000e+02
6.180000000000000000e+02
3.380000000000000000e+02
9.810000000000000000e+02
1.306000000000000000e+03
5.000000000000000000e+02
6.960000000000000000e+02
6.050000000000000000e+02
2.500000000000000000e+02
4.110000000000000000e+02
1.054000000000000000e+03
7.350000000000000000e+02
2.330000000000000000e+02
4.350000000000000000e+02
4.900000000000000000e+02
3.100000000000000000e+02
4.600000000000000000e+02
3.830000000000000000e+02
3.750000000000000000e+02
1.270000000000000000e+03
5.450000000000000000e+02
4.450000000000000000e+02
1.885000000000000000e+03
3.800000000000000000e+02
3.000000000000000000e+02
3.800000000000000000e+02
3.770000000000000000e+02
4.250000000000000000e+02
2.760000000000000000e+02
2.100000000000000000e+02
8.000000000000000000e+02
4.200000000000000000e+02
3.500000000000000000e+02
3.600000000000000000e+02
5.380000000000000000e+02
1.100000000000000000e+03
1.205000000000000000e+03
3.140000000000000000e+02
2.370000000000000000e+02
6.100000000000000000e+02
3.600000000000000000e+02
5.400000000000000000e+02
1.038000000000000000e+03
4.240000000000000000e+02
3.100000000000000000e+02
3.000000000000000000e+02
4.440000000000000000e+02
3.010000000000000000e+02
2.680000000000000000e+02
6.200000000000000000e+02
2.150000000000000000e+02
6.520000000000000000e+02
9.000000000000000000e+02
5.250000000000000000e+02
2.460000000000000000e+02
3.600000000000000000e+02
5.290000000000000000e+02
5.000000000000000000e+02
7.200000000000000000e+02
2.700000000000000000e+02
4.300000000000000000e+02
6.710000000000000000e+02
1.770000000000000000e+03
