2.495600000000000023e+02 0.000000000000000000e+00 3.080000000000000000e+02
2.587047000000000025e+02 1.000000000000000000e+00 3.080000000000000000e+02
2.508006000000000029e+02 2.000000000000000000e+00 3.080000000000000000e+02
3.214397999999999911e+02 3.000000000000000000e+00 3.080000000000000000e+02
3.568519000000000005e+02 4.000000000000000000e+00 3.080000000000000000e+02
4.146900999999999726e+02 5.000000000000000000e+00 3.080000000000000000e+02
3.822038000000000011e+02 6.000000000000000000e+00 3.080000000000000000e+02
2.901485999999999876e+02 7.000000000000000000e+00 3.080000000000000000e+02
4.305853000000000179e+02 8.000000000000000000e+00 3.080000000000000000e+02
4.663534999999999968e+02 9.000000000000000000e+00 3.080000000000000000e+02
2.227339000000000055e+02 0.000000000000000000e+00 3.090000000000000000e+02
2.052658000000000129e+02 1.000000000000000000e+00 3.090000000000000000e+02
2.029778000000000020e+02 2.000000000000000000e+00 3.090000000000000000e+02
2.047069999999999936e+02 3.000000000000000000e+00 3.090000000000000000e+02
2.077161000000000115e+02 4.000000000000000000e+00 3.090000000000000000e+02
2.159618000000000109e+02 5.000000000000000000e+00 3.090000000000000000e+02
2.136303000000000054e+02 6.000000000000000000e+00 3.090000000000000000e+02
2.177272000000000105e+02 7.000000000000000000e+00 3.090000000000000000e+02
2.242957000000000107e+02 8.000000000000000000e+00 3.090000000000000000e+02
2.373141999999999996e+02 9.000000000000000000e+00 3.090000000000000000e+02
1.990538999999999987e+02 0.000000000000000000e+00 3.100000000000000000e+02
1.943322000000000003e+02 1.000000000000000000e+00 3.100000000000000000e+02
2.343199999999999932e+02 2.000000000000000000e+00 3.100000000000000000e+02
2.328415999999999997e+02 3.000000000000000000e+00 3.100000000000000000e+02
2.293074000000000012e+02 4.000000000000000000e+00 3.100000000000000000e+02
2.204578999999999951e+02 5.000000000000000000e+00 3.100000000000000000e+02
2.354208000000000141e+02 6.000000000000000000e+00 3.100000000000000000e+02
2.557511000000000081e+02 7.000000000000000000e+00 3.100000000000000000e+02
2.610124999999999886e+02 8.000000000000000000e+00 3.100000000000000000e+02
2.475152999999999963e+02 9.000000000000000000e+00 3.100000000000000000e+02
3.215425999999999931e+02 0.000000000000000000e+00 3.300000000000000000e+02
3.004001999999999839e+02 1.000000000000000000e+00 3.300000000000000000e+02
2.838564999999999827e+02 2.000000000000000000e+00 3.300000000000000000e+02
2.851329999999999814e+02 3.000000000000000000e+00 3.300000000000000000e+02
2.857973000000000070e+02 4.000000000000000000e+00 3.300000000000000000e+02
2.975855000000000246e+02 5.000000000000000000e+00 3.300000000000000000e+02
2.802395999999999958e+02 6.000000000000000000e+00 3.300000000000000000e+02
3.182613000000000056e+02 7.000000000000000000e+00 3.300000000000000000e+02
3.053494999999999777e+02 8.000000000000000000e+00 3.300000000000000000e+02
3.540486999999999966e+02 9.000000000000000000e+00 3.300000000000000000e+02
2.876078999999999724e+02 0.000000000000000000e+00 3.310000000000000000e+02
2.850000000000000000e+02 1.000000000000000000e+00 3.310000000000000000e+02
3.018206000000000131e+02 2.000000000000000000e+00 3.310000000000000000e+02
3.201152999999999906e+02 3.000000000000000000e+00 3.310000000000000000e+02
3.162773000000000252e+02 4.000000000000000000e+00 3.310000000000000000e+02
2.933186999999999784e+02 5.000000000000000000e+00 3.310000000000000000e+02
2.900749999999999886e+02 6.000000000000000000e+00 3.310000000000000000e+02
3.348177000000000021e+02 7.000000000000000000e+00 3.310000000000000000e+02
2.937468999999999824e+02 8.000000000000000000e+00 3.310000000000000000e+02
3.715810999999999922e+02 9.000000000000000000e+00 3.310000000000000000e+02
2.348606000000000051e+02 0.000000000000000000e+00 3.320000000000000000e+02
2.428118000000000052e+02 1.000000000000000000e+00 3.320000000000000000e+02
2.729612999999999943e+02 2.000000000000000000e+00 3.320000000000000000e+02
3.097687999999999988e+02 3.000000000000000000e+00 3.320000000000000000e+02
3.174628999999999905e+02 4.000000000000000000e+00 3.320000000000000000e+02
3.099975999999999772e+02 5.000000000000000000e+00 3.320000000000000000e+02
4.541619000000000028e+02 6.000000000000000000e+00 3.320000000000000000e+02
3.468310999999999922e+02 7.000000000000000000e+00 3.320000000000000000e+02
3.303002999999999929e+02 8.000000000000000000e+00 3.320000000000000000e+02
2.538643999999999892e+02 9.000000000000000000e+00 3.320000000000000000e+02
2.838423999999999978e+02 0.000000000000000000e+00 3.330000000000000000e+02
2.895550000000000068e+02 1.000000000000000000e+00 3.330000000000000000e+02
2.767692999999999870e+02 2.000000000000000000e+00 3.330000000000000000e+02
2.998097000000000207e+02 3.000000000000000000e+00 3.330000000000000000e+02
2.971709999999999923e+02 4.000000000000000000e+00 3.330000000000000000e+02
3.381664999999999850e+02 5.000000000000000000e+00 3.330000000000000000e+02
3.320264999999999986e+02 6.000000000000000000e+00 3.330000000000000000e+02
3.488399000000000001e+02 7.000000000000000000e+00 3.330000000000000000e+02
3.333600000000000136e+02 8.000000000000000000e+00 3.330000000000000000e+02
3.620427999999999997e+02 9.000000000000000000e+00 3.330000000000000000e+02
2.654730999999999881e+02 0.000000000000000000e+00 3.340000000000000000e+02
2.762011999999999716e+02 1.000000000000000000e+00 3.340000000000000000e+02
2.433646999999999991e+02 2.000000000000000000e+00 3.340000000000000000e+02
2.546723000000000070e+02 3.000000000000000000e+00 3.340000000000000000e+02
2.790244000000000142e+02 4.000000000000000000e+00 3.340000000000000000e+02
2.841911999999999807e+02 5.000000000000000000e+00 3.340000000000000000e+02
3.055248000000000275e+02 6.000000000000000000e+00 3.340000000000000000e+02
3.315228999999999928e+02 7.000000000000000000e+00 3.340000000000000000e+02
3.357468999999999824e+02 8.000000000000000000e+00 3.340000000000000000e+02
3.772990000000000350e+02 9.000000000000000000e+00 3.340000000000000000e+02
2.416083000000000141e+02 0.000000000000000000e+00 3.350000000000000000e+02
2.739472000000000094e+02 1.000000000000000000e+00 3.350000000000000000e+02
2.544907000000000039e+02 2.000000000000000000e+00 3.350000000000000000e+02
2.708020999999999958e+02 3.000000000000000000e+00 3.350000000000000000e+02
2.514518999999999949e+02 4.000000000000000000e+00 3.350000000000000000e+02
2.546362000000000023e+02 5.000000000000000000e+00 3.350000000000000000e+02
2.454523000000000081e+02 6.000000000000000000e+00 3.350000000000000000e+02
2.353109999999999786e+02 7.000000000000000000e+00 3.350000000000000000e+02
2.357540999999999940e+02 8.000000000000000000e+00 3.350000000000000000e+02
2.372466000000000008e+02 9.000000000000000000e+00 3.350000000000000000e+02
3.123666000000000054e+02 0.000000000000000000e+00 3.370000000000000000e+02
3.138057999999999765e+02 1.000000000000000000e+00 3.370000000000000000e+02
2.916111999999999966e+02 2.000000000000000000e+00 3.370000000000000000e+02
3.461222000000000207e+02 3.000000000000000000e+00 3.370000000000000000e+02
3.657323999999999842e+02 4.000000000000000000e+00 3.370000000000000000e+02
3.918385000000000105e+02 5.000000000000000000e+00 3.370000000000000000e+02
4.042601000000000226e+02 6.000000000000000000e+00 3.370000000000000000e+02
4.166922999999999888e+02 7.000000000000000000e+00 3.370000000000000000e+02
4.558643000000000143e+02 8.000000000000000000e+00 3.370000000000000000e+02
4.589166999999999916e+02 9.000000000000000000e+00 3.370000000000000000e+02
2.361031999999999869e+02 0.000000000000000000e+00 3.490000000000000000e+02
2.303166999999999973e+02 1.000000000000000000e+00 3.490000000000000000e+02
2.389256000000000029e+02 2.000000000000000000e+00 3.490000000000000000e+02
2.549219999999999970e+02 3.000000000000000000e+00 3.490000000000000000e+02
2.507102999999999895e+02 4.000000000000000000e+00 3.490000000000000000e+02
2.697744000000000142e+02 5.000000000000000000e+00 3.490000000000000000e+02
2.815647999999999911e+02 6.000000000000000000e+00 3.490000000000000000e+02
3.081020000000000323e+02 7.000000000000000000e+00 3.490000000000000000e+02
3.362805999999999926e+02 8.000000000000000000e+00 3.490000000000000000e+02
3.516451000000000136e+02 9.000000000000000000e+00 3.490000000000000000e+02
2.562968000000000188e+02 0.000000000000000000e+00 3.500000000000000000e+02
2.434542999999999893e+02 1.000000000000000000e+00 3.500000000000000000e+02
2.562046000000000276e+02 2.000000000000000000e+00 3.500000000000000000e+02
2.555270999999999901e+02 3.000000000000000000e+00 3.500000000000000000e+02
2.689164999999999850e+02 4.000000000000000000e+00 3.500000000000000000e+02
3.297246999999999844e+02 5.000000000000000000e+00 3.500000000000000000e+02
3.794445000000000050e+02 6.000000000000000000e+00 3.500000000000000000e+02
3.629184000000000196e+02 7.000000000000000000e+00 3.500000000000000000e+02
3.944871999999999730e+02 8.000000000000000000e+00 3.500000000000000000e+02
3.890527000000000157e+02 9.000000000000000000e+00 3.500000000000000000e+02
2.505264999999999986e+02 0.000000000000000000e+00 3.510000000000000000e+02
3.000575999999999794e+02 1.000000000000000000e+00 3.510000000000000000e+02
2.698938999999999737e+02 2.000000000000000000e+00 3.510000000000000000e+02
2.805890999999999735e+02 3.000000000000000000e+00 3.510000000000000000e+02
2.718274000000000115e+02 4.000000000000000000e+00 3.510000000000000000e+02
3.046336000000000013e+02 5.000000000000000000e+00 3.510000000000000000e+02
2.877466000000000008e+02 6.000000000000000000e+00 3.510000000000000000e+02
2.665955000000000155e+02 7.000000000000000000e+00 3.510000000000000000e+02
3.215418000000000234e+02 8.000000000000000000e+00 3.510000000000000000e+02
3.475654999999999859e+02 9.000000000000000000e+00 3.510000000000000000e+02
2.216770999999999958e+02 0.000000000000000000e+00 3.520000000000000000e+02
2.981938999999999851e+02 1.000000000000000000e+00 3.520000000000000000e+02
3.268784999999999741e+02 2.000000000000000000e+00 3.520000000000000000e+02
3.468555000000000064e+02 3.000000000000000000e+00 3.520000000000000000e+02
3.487402000000000157e+02 4.000000000000000000e+00 3.520000000000000000e+02
3.528287000000000262e+02 5.000000000000000000e+00 3.520000000000000000e+02
3.544266000000000076e+02 6.000000000000000000e+00 3.520000000000000000e+02
3.604325999999999794e+02 7.000000000000000000e+00 3.520000000000000000e+02
3.756406000000000063e+02 8.000000000000000000e+00 3.520000000000000000e+02
3.885416999999999916e+02 9.000000000000000000e+00 3.520000000000000000e+02
2.719234999999999900e+02 0.000000000000000000e+00 3.690000000000000000e+02
2.684368999999999801e+02 1.000000000000000000e+00 3.690000000000000000e+02
2.572423999999999751e+02 2.000000000000000000e+00 3.690000000000000000e+02
2.776566000000000258e+02 3.000000000000000000e+00 3.690000000000000000e+02
3.148222000000000094e+02 4.000000000000000000e+00 3.690000000000000000e+02
3.172135000000000105e+02 5.000000000000000000e+00 3.690000000000000000e+02
2.981352999999999724e+02 6.000000000000000000e+00 3.690000000000000000e+02
3.481229000000000156e+02 7.000000000000000000e+00 3.690000000000000000e+02
3.402799999999999727e+02 8.000000000000000000e+00 3.690000000000000000e+02
3.665131000000000085e+02 9.000000000000000000e+00 3.690000000000000000e+02
2.252640000000000100e+02 0.000000000000000000e+00 3.700000000000000000e+02
2.345235000000000127e+02 1.000000000000000000e+00 3.700000000000000000e+02
2.389008000000000038e+02 2.000000000000000000e+00 3.700000000000000000e+02
2.404729999999999848e+02 3.000000000000000000e+00 3.700000000000000000e+02
2.675373000000000161e+02 4.000000000000000000e+00 3.700000000000000000e+02
3.441936999999999784e+02 5.000000000000000000e+00 3.700000000000000000e+02
2.811480999999999995e+02 6.000000000000000000e+00 3.700000000000000000e+02
3.475855000000000246e+02 7.000000000000000000e+00 3.700000000000000000e+02
3.651630000000000109e+02 8.000000000000000000e+00 3.700000000000000000e+02
3.722287999999999784e+02 9.000000000000000000e+00 3.700000000000000000e+02
2.698804000000000087e+02 0.000000000000000000e+00 3.710000000000000000e+02
2.724427999999999770e+02 1.000000000000000000e+00 3.710000000000000000e+02
2.778989000000000260e+02 2.000000000000000000e+00 3.710000000000000000e+02
2.817894999999999754e+02 3.000000000000000000e+00 3.710000000000000000e+02
2.791705000000000041e+02 4.000000000000000000e+00 3.710000000000000000e+02
2.845120000000000005e+02 5.000000000000000000e+00 3.710000000000000000e+02
2.592658000000000129e+02 6.000000000000000000e+00 3.710000000000000000e+02
3.046306000000000154e+02 7.000000000000000000e+00 3.710000000000000000e+02
3.507807000000000244e+02 8.000000000000000000e+00 3.710000000000000000e+02
3.694692000000000007e+02 9.000000000000000000e+00 3.710000000000000000e+02
2.694116999999999962e+02 0.000000000000000000e+00 3.720000000000000000e+02
2.734739999999999895e+02 1.000000000000000000e+00 3.720000000000000000e+02
2.975967999999999734e+02 2.000000000000000000e+00 3.720000000000000000e+02
3.106315999999999917e+02 3.000000000000000000e+00 3.720000000000000000e+02
2.871725999999999885e+02 4.000000000000000000e+00 3.720000000000000000e+02
3.296075999999999908e+02 5.000000000000000000e+00 3.720000000000000000e+02
3.344818000000000211e+02 6.000000000000000000e+00 3.720000000000000000e+02
3.432198999999999955e+02 7.000000000000000000e+00 3.720000000000000000e+02
3.691417000000000144e+02 8.000000000000000000e+00 3.720000000000000000e+02
3.641236000000000104e+02 9.000000000000000000e+00 3.720000000000000000e+02
