101 41.0
101 33.0
101 190.0
101 30.2
102 36.0
102 28.0
102 118.0
102 29.0
103 12.0
103 26.0
103 149.0
103 19.8
104 18.0
104 38.0
104 313.0
104 22.0
105 null
105 44.0
105 null
105 16.4
106 28.0
106 34.0
106 null
106 15.2
107 23.0
107 35.0
107 299.0
107 27.8
108 19.0
108 41.0
108 99.0
108 17.4
109 8.0
109 39.0
109 19.0
109 4.799999999999997
110 null
110 31.0
110 194.0
110 27.8
111 7.0
111 26.0
111 null
111 31.2
112 16.0
112 31.0
112 256.0
112 25.6
113 11.0
113 34.0
113 290.0
113 26.6
114 14.0
114 32.0
114 274.0
114 23.2
115 18.0
115 42.0
115 65.0
115 18.6
116 14.0
116 36.0
116 334.0
116 22.0
117 34.0
117 34.0
117 307.0
117 21.0
118 6.0
118 43.0
118 78.0
118 8.200000000000003
119 30.0
119 32.0
119 322.0
119 22.0
120 11.0
120 38.0
120 44.0
120 25.6
121 1.0
121 41.0
121 8.0
121 25.6
122 11.0
122 27.0
122 320.0
122 11.799999999999997
123 4.0
123 39.0
123 25.0
123 25.6
124 32.0
124 39.0
124 92.0
124 21.0
125 null
125 43.0
125 66.0
125 11.799999999999997
126 null
126 42.0
126 266.0
126 15.2
127 null
127 43.0
127 null
127 29.0
128 23.0
128 33.0
128 13.0
128 21.0
129 45.0
129 19.0
129 252.0
129 15.2
130 115.0
130 21.0
130 223.0
130 33.6
131 37.0
131 24.0
131 279.0
131 30.2
132 null
132 22.0
132 286.0
132 27.8
133 null
133 26.0
133 287.0
133 25.6
134 null
134 33.0
134 242.0
134 12.799999999999997
135 null
135 16.0
135 186.0
135 26.6
136 null
136 15.0
136 220.0
136 27.8
137 null
137 21.0
137 264.0
137 16.4
138 29.0
138 18.0
138 127.0
138 25.6
139 null
139 13.0
139 273.0
139 31.2
140 71.0
140 10.0
140 291.0
140 17.4
141 39.0
141 13.0
141 323.0
141 22.0
142 null
142 7.0
142 259.0
142 23.2
143 null
143 8.0
143 250.0
143 26.6
144 23.0
144 18.0
144 148.0
144 29.0
145 null
145 20.0
145 332.0
145 17.4
146 null
146 21.0
146 322.0
146 22.0
147 21.0
147 23.0
147 191.0
147 15.2
148 37.0
148 28.0
148 284.0
148 3.6000000000000014
149 20.0
149 35.0
149 37.0
149 26.6
150 12.0
150 27.0
150 120.0
150 22.0
151 13.0
151 24.0
151 137.0
151 24.4
152 null
152 23.0
152 150.0
152 32.4
153 null
153 24.0
153 59.0
153 41.6
154 null
154 24.0
154 91.0
154 35.8
155 null
155 24.0
155 250.0
155 32.4
156 null
156 25.0
156 135.0
156 29.0
157 null
157 22.0
157 127.0
157 29.0
158 null
158 27.0
158 47.0
158 24.4
159 null
159 20.0
159 98.0
159 22.0
160 null
160 23.0
160 31.0
160 15.2
161 null
161 17.0
161 138.0
161 29.0
162 135.0
162 16.0
162 269.0
162 36.8
163 49.0
163 15.0
163 248.0
163 26.6
164 32.0
164 19.0
164 236.0
164 26.6
165 null
165 16.0
165 101.0
165 23.2
166 64.0
166 17.0
166 175.0
166 35.8
167 40.0
167 17.0
167 314.0
167 23.2
168 77.0
168 12.0
168 276.0
168 34.8
169 97.0
169 8.0
169 267.0
169 32.4
170 97.0
170 8.0
170 272.0
170 33.6
171 85.0
171 11.0
171 175.0
171 30.2
172 null
172 18.0
172 139.0
172 27.8
173 10.0
173 27.0
173 264.0
173 16.4
174 27.0
174 19.0
174 175.0
174 15.2
175 null
175 9.0
175 291.0
175 15.2
176 7.0
176 20.0
176 48.0
176 16.4
177 48.0
177 19.0
177 260.0
177 31.2
178 35.0
178 18.0
178 274.0
178 24.4
179 61.0
179 16.0
179 285.0
179 32.4
180 79.0
180 13.0
180 187.0
180 34.8
181 63.0
181 15.0
181 220.0
181 22.0
182 16.0
182 26.0
182 7.0
182 31.2
183 null
183 19.0
183 258.0
183 25.6
184 null
184 18.0
184 295.0
184 22.0
185 80.0
185 14.0
185 294.0
185 27.8
186 108.0
186 15.0
186 223.0
186 29.0
187 20.0
187 18.0
187 81.0
187 27.8
188 52.0
188 14.0
188 82.0
188 21.0
189 82.0
189 12.0
189 213.0
189 30.2
190 50.0
190 14.0
190 275.0
190 30.2
191 64.0
191 17.0
191 253.0
191 30.2
192 59.0
192 19.0
192 254.0
192 26.6
193 39.0
193 19.0
193 83.0
193 31.2
194 9.0
194 19.0
194 24.0
194 17.4
195 16.0
195 18.0
195 77.0
195 30.2
196 78.0
196 14.0
196 null
196 31.2
197 35.0
197 15.0
197 null
197 30.2
198 66.0
198 13.0
198 null
198 35.8
199 122.0
199 11.0
199 255.0
199 37.0
200 89.0
200 10.0
200 229.0
200 24.4
201 110.0
201 10.0
201 207.0
201 29.0
202 null
202 8.0
202 222.0
202 27.8
203 null
203 14.0
203 137.0
203 22.0
204 44.0
204 14.0
204 192.0
204 22.0
205 28.0
205 18.0
205 273.0
205 22.0
206 65.0
206 20.0
206 157.0
206 25.6
207 null
207 21.0
207 64.0
207 22.0
208 22.0
208 23.0
208 71.0
208 24.4
209 59.0
209 21.0
209 51.0
209 32.4
210 23.0
210 24.0
210 115.0
210 30.2
211 31.0
211 22.0
211 244.0
211 23.2
212 44.0
212 22.0
212 190.0
212 24.4
213 21.0
213 23.0
213 259.0
213 14.0
214 9.0
214 28.0
214 36.0
214 16.4
215 null
215 25.0
215 255.0
215 19.8
216 45.0
216 21.0
216 212.0
216 25.6
217 168.0
217 19.0
217 238.0
217 38.2
218 73.0
218 14.0
218 215.0
218 29.0
219 null
219 12.0
219 153.0
219 33.6
220 76.0
220 3.0
220 203.0
220 25.6
221 118.0
221 6.0
221 225.0
221 40.4
222 84.0
222 4.0
222 237.0
222 32.4
223 85.0
223 6.0
223 188.0
223 32.4
224 96.0
224 9.0
224 167.0
224 31.2
225 78.0
225 8.0
225 197.0
225 34.8
226 73.0
226 7.0
226 183.0
226 39.4
227 91.0
227 7.0
227 189.0
227 35.8
228 47.0
228 13.0
228 95.0
228 30.2
229 32.0
229 16.0
229 92.0
229 14.0
230 20.0
230 20.0
230 252.0
230 23.2
231 23.0
231 22.0
231 220.0
231 24.4
232 21.0
232 25.0
232 230.0
232 23.2
233 24.0
233 27.0
233 259.0
233 25.6
234 44.0
234 19.0
234 236.0
234 15.2
235 21.0
235 24.0
235 259.0
235 14.0
236 28.0
236 23.0
236 238.0
236 32.4
237 9.0
237 29.0
237 24.0
237 23.2
238 13.0
238 29.0
238 112.0
238 22.0
239 46.0
239 22.0
239 237.0
239 31.2
240 18.0
240 33.0
240 224.0
240 17.4
241 13.0
241 24.0
241 27.0
241 24.4
242 24.0
242 32.0
242 238.0
242 24.4
243 16.0
243 18.0
243 201.0
243 29.0
244 13.0
244 36.0
244 238.0
244 19.8
245 23.0
245 29.0
245 14.0
245 26.6
246 36.0
246 19.0
246 139.0
246 24.4
247 7.0
247 31.0
247 49.0
247 24.4
248 14.0
248 37.0
248 20.0
248 11.799999999999997
249 30.0
249 30.0
249 193.0
249 31.2
250 null
250 23.0
250 145.0
250 18.6
251 14.0
251 25.0
251 191.0
251 16.4
252 18.0
252 24.0
252 131.0
252 29.0
253 20.0
253 32.0
253 223.0
253 22.0
