9 28 25.0 16.4
9 16 22.0 31.2
6 13 18.0 29.0
7 4 16.0 23.2
5 19 32.0 22.0
8 27 12.0 33.6
8 13 18.0 22.0
7 6 17.0 23.2
8 30 4.0 32.4
6 14 20.0 17.4
6 23 24.0 35.8
5 20 38.0 25.6
6 10 13.0 22.0
9 9 25.0 23.2
5 26 42.0 15.2
9 10 27.0 25.6
6 18 35.0 26.6
7 8 8.0 32.4
8 2 19.0 17.4
6 5 15.0 27.8
7 15 20.0 16.4
6 21 23.0 32.4
9 13 23.0 32.4
8 14 20.0 25.6
5 15 42.0 18.6
9 21 36.0 19.8
5 21 41.0 25.6
7 1 16.0 36.8
8 22 28.0 16.4
6 17 28.0 3.6000000000000014
9 12 24.0 14.0
6 8 13.0 31.2
6 3 33.0 12.799999999999997
9 6 16.0 14.0
8 8 10.0 24.4
6 16 23.0 15.2
5 10 31.0 27.8
6 20 24.0 24.4
5 1 33.0 30.2
7 17 18.0 24.4
5 11 26.0 31.2
6 12 8.0 26.6
6 11 7.0 23.2
7 2 15.0 26.6
6 26 22.0 29.0
6 4 16.0 26.6
8 18 24.0 30.2
9 29 24.0 29.0
6 9 10.0 17.4
5 14 32.0 23.2
7 9 8.0 33.6
8 29 6.0 40.4
7 13 19.0 15.2
5 7 35.0 27.8
7 7 12.0 34.8
9 30 32.0 22.0
7 25 15.0 29.0
5 31 24.0 30.2
9 23 19.0 24.4
6 6 21.0 16.4
5 2 28.0 29.0
8 19 22.0 23.2
5 5 44.0 16.4
7 27 14.0 21.0
9 7 20.0 23.2
5 6 34.0 15.2
7 16 19.0 31.2
9 24 31.0 24.4
8 3 18.0 30.2
8 17 21.0 32.4
5 24 39.0 21.0
8 16 23.0 24.4
9 22 29.0 26.6
6 1 22.0 27.8
7 24 14.0 27.8
6 22 24.0 41.6
6 30 17.0 29.0
6 2 26.0 25.6
9 5 13.0 30.2
9 2 8.0 34.8
6 29 23.0 15.2
8 4 14.0 31.2
9 20 18.0 29.0
7 3 19.0 26.6
9 4 7.0 35.8
8 20 22.0 24.4
9 19 32.0 24.4
8 9 10.0 29.0
8 12 14.0 22.0
6 15 21.0 22.0
6 19 27.0 22.0
8 21 23.0 14.0
7 18 16.0 32.4
9 25 37.0 11.799999999999997
9 26 30.0 31.2
5 3 26.0 19.8
5 23 39.0 25.6
9 15 29.0 22.0
8 1 19.0 31.2
8 10 8.0 27.8
7 29 14.0 30.2
7 30 17.0 30.2
8 7 11.0 37.0
7 31 19.0 26.6
9 1 9.0 31.2
8 26 14.0 29.0
9 14 29.0 23.2
8 31 6.0 32.4
7 21 26.0 31.2
7 14 9.0 15.2
8 11 14.0 22.0
7 19 13.0 34.8
5 18 43.0 8.200000000000003
9 17 33.0 17.4
5 28 33.0 21.0
5 27 43.0 29.0
5 4 38.0 22.0
9 8 22.0 24.4
5 8 41.0 17.4
7 11 18.0 27.8
6 25 25.0 29.0
8 24 21.0 25.6
5 9 39.0 4.799999999999997
6 27 27.0 24.4
7 22 19.0 25.6
9 3 7.0 39.4
6 28 20.0 22.0
7 28 12.0 30.2
8 6 13.0 35.8
7 10 11.0 30.2
7 20 15.0 22.0
7 26 18.0 27.8
5 12 31.0 25.6
8 5 15.0 30.2
6 24 24.0 32.4
7 5 17.0 35.8
8 25 19.0 38.2
5 22 27.0 11.799999999999997
5 29 19.0 15.2
9 27 23.0 18.6
8 28 3.0 25.6
9 11 19.0 15.2
5 13 34.0 26.6
7 23 18.0 22.0
5 17 34.0 21.0
8 15 21.0 22.0
9 18 24.0 24.4
5 16 36.0 22.0
5 30 21.0 33.6
5 25 43.0 11.799999999999997
6 7 18.0 25.6
8 23 25.0 19.8
7 12 27.0 16.4
