1;30.2;492.67
2 487.67 29.0
3;19.8;485.67
4/22.0/497.67
5/503.67/16.4
6;15.2;493.67
7 494.67 27.8
8/17.4/500.67
9/498.67/4.799999999999997
10/27.8/490.67
11 31.2 485.67
12,25.6,490.67
13/493.67/26.6
14,23.2,491.67
15,501.67,18.6
16,495.67,22.0
17 493.67 21.0
18 8.200000000000003 502.67
19/22.0/491.67
20;25.6;497.67
21/25.6/500.67
22;11.799999999999997;486.67
23,25.6,498.67
24;498.67;21.0
25;502.67;11.799999999999997
26/501.67/15.2
27/502.67/29.0
28,21.0,492.67
29 478.67 15.2
30;33.6;480.67
31 483.67 30.2
32;481.67;27.8
33;25.6;485.67
34 492.67 12.799999999999997
35 475.67 26.6
36/474.67/27.8
37/480.67/16.4
38/477.67/25.6
39;31.2;472.67
40;469.67;17.4
41/472.67/22.0
42/23.2/466.67
43/26.6/467.67
44/477.67/29.0
45,479.67,17.4
46,480.67,22.0
47;482.67;15.2
48/487.67/3.6000000000000014
49,494.67,26.6
50,22.0,486.67
51 483.67 24.4
52,32.4,482.67
53/41.6/483.67
54 35.8 483.67
55,483.67,32.4
56/484.67/29.0
57/29.0/481.67
58,486.67,24.4
59/479.67/22.0
60;482.67;15.2
61;476.67;29.0
62,36.8,475.67
63 474.67 26.6
64,478.67,26.6
65/475.67/23.2
66,476.67,35.8
67;23.2;476.67
68/471.67/34.8
69/467.67/32.4
70,33.6,467.67
71/30.2/470.67
72,477.67,27.8
73 16.4 486.67
74;478.67;15.2
75;468.67;15.2
76,16.4,479.67
77;478.67;31.2
78,477.67,24.4
79/32.4/475.67
80 472.67 34.8
81/474.67/22.0
82,485.67,31.2
83,478.67,25.6
84/477.67/22.0
85,473.67,27.8
86,474.67,29.0
87,27.8,477.67
88 21.0 473.67
89 30.2 471.67
90/30.2/473.67
91/30.2/476.67
92 26.6 478.67
93/31.2/478.67
94/478.67/17.4
95/30.2/477.67
96;31.2;473.67
97 30.2 474.67
98,472.67,35.8
99;470.67;37.0
100/469.67/24.4
101,29.0,469.67
102 467.67 27.8
103,473.67,22.0
104,473.67,22.0
105,477.67,22.0
106;479.67;25.6
107 22.0 480.67
108 482.67 24.4
109,480.67,32.4
110,30.2,483.67
111 481.67 23.2
112;481.67;24.4
113,14.0,482.67
114 487.67 16.4
115/484.67/19.8
116/25.6/480.67
117;38.2;478.67
118/29.0/473.67
119/471.67/33.6
120,25.6,462.67
121,465.67,40.4
122/463.67/32.4
123 32.4 465.67
124,31.2,468.67
125 467.67 34.8
126;466.67;39.4
127 466.67 35.8
128/472.67/30.2
129 14.0 475.67
130,23.2,479.67
131;481.67;24.4
132 484.67 23.2
133,486.67,25.6
134;15.2;478.67
135,483.67,14.0
136 482.67 32.4
137 488.67 23.2
138;22.0;488.67
139,481.67,31.2
140;17.4;492.67
141;24.4;483.67
142,24.4,491.67
143;29.0;477.67
144 19.8 495.67
145/26.6/488.67
146 478.67 24.4
147/24.4/490.67
148,11.799999999999997,496.67
149;489.67;31.2
150;18.6;482.67
151,484.67,16.4
152 483.67 29.0
153;491.67;22.0
